Dover
 0 # SSL Species???
 0 # Constant Buffer Dorn?
 1 # Number of fisheries
 2 # Number of Sexes
0.0013861852 # Average 5 year F
1 # Author f
0.4 # SPR ABC
0.35 # SPR MSY
1 # Spawning month
57 # number of ages
1 # Fratio
# natural mortality
0.129096 0.129096 0.129096 0.129096 0.129096 0.129096 0.129096 0.129096 0.129096 0.129096 0.129096 0.129096 0.129096 0.129096 0.129096 0.129096 0.129096 0.129096 0.129096 0.129096 0.129096 0.129096 0.129096 0.129096 0.129096 0.129096 0.129096 0.129096 0.129096 0.129096 0.129096 0.129096 0.129096 0.129096 0.129096 0.129096 0.129096 0.129096 0.129096 0.129096 0.129096 0.129096 0.129096 0.129096 0.129096
0.129096 0.129096 0.129096 0.129096 0.129096 0.129096 0.129096 0.129096 0.129096 0.129096 0.129096 0.129096
0.127928 0.127928 0.127928 0.127928 0.127928 0.127928 0.127928 0.127928 0.127928 0.127928 0.127928 0.127928 0.127928 0.127928 0.127928 0.127928 0.127928 0.127928 0.127928 0.127928 0.127928 0.127928 0.127928 0.127928 0.127928 0.127928 0.127928 0.127928 0.127928 0.127928 0.127928 0.127928 0.127928 0.127928 0.127928 0.127928 0.127928 0.127928 0.127928 0.127928 0.127928 0.127928 0.127928 0.127928 0.127928
0.127928 0.127928 0.127928 0.127928 0.127928 0.127928 0.127928 0.127928 0.127928 0.127928 0.127928 0.127928
# Maturity females
0.0311 0.0442 0.0623 0.0872 0.1207 0.1648 0.221 0.2897 0.3697 0.4575 0.548 0.6354 0.7147 0.7827 0.8381 0.8816 0.9145 0.939 0.9567 0.9695 0.9786 0.985 0.9895 0.9927 0.9949 0.9964 0.9975 0.9983 0.9988 0.9992 0.9994 0.9996 0.9997 0.9998 0.9999 0.9999 0.9999 1 1 1 1 1 1 1 1
1 1 1 1 1 1 1 1 1 1 1 1
# Maturity males
0.0311 0.0442 0.0623 0.0872 0.1207 0.1648 0.221 0.2897 0.3697 0.4575 0.548 0.6354 0.7147 0.7827 0.8381 0.8816 0.9145 0.939 0.9567 0.9695 0.9786 0.985 0.9895 0.9927 0.9949 0.9964 0.9975 0.9983 0.9988 0.9992 0.9994 0.9996 0.9997 0.9998 0.9999 0.9999 0.9999 1 1 1 1 1 1 1 1
1 1 1 1 1 1 1 1 1 1 1 1
# wt spawn females
0.1464 0.2206 0.3038 0.3924 0.483 0.5731 0.6608 0.7445 0.8233 0.8966 0.9641 1.0259 1.082 1.1326 1.1781 1.2189 1.2552 1.2875 1.3161 1.3415 1.3639 1.3836 1.401 1.4163 1.4298 1.4416 1.4519 1.461 1.4689 1.4759 1.482 1.4873 1.492 1.4961 1.4996 1.5027 1.5054 1.5078 1.5099 1.5117 1.5133 1.5147 1.5159 1.5169 1.5178
1.5187 1.5193 1.52 1.5205 1.521 1.5214 1.5217 1.522 1.5223 1.5225 1.5227 1.523
# WtAge females by fishery
0.2548 0.3534 0.4545 0.5543 0.6501 0.7406 0.8248 0.9024 0.9736 1.0386 1.0975 1.1508 1.1989 1.2421 1.2808 1.3154 1.3462 1.3736 1.3979 1.4194 1.4384 1.4551 1.4699 1.4829 1.4943 1.5044 1.5132 1.5209 1.5277 1.5336 1.5388 1.5433 1.5473 1.5508 1.5538 1.5565 1.5588 1.5608 1.5626 1.5641 1.5655 1.5667 1.5677 1.5686 1.5694
1.5701 1.5707 1.5712 1.5716 1.572 1.5724 1.5727 1.573 1.5732 1.5734 1.5736 1.5738
# WtAge males by fishery
0.3724 0.4302 0.4808 0.5269 0.5697 0.6099 0.6475 0.6824 0.7143 0.7431 0.7689 0.7916 0.8114 0.8286 0.8434 0.8562 0.867 0.8762 0.884 0.8906 0.8962 0.9009 0.9049 0.9082 0.911 0.9134 0.9153 0.917 0.9184 0.9195 0.9205 0.9213 0.922 0.9225 0.923 0.9234 0.9238 0.924 0.9243 0.9245 0.9246 0.9248 0.9249 0.925 0.925
0.9251 0.9252 0.9252 0.9253 0.9253 0.9253 0.9253 0.9254 0.9254 0.9254 0.9254 0.9254
# Selectivity females by fishery
0.0567 0.1111 0.1833 0.2666 0.3532 0.4369 0.5135 0.5809 0.6385 0.6868 0.727 0.7601 0.7872 0.8096 0.8279 0.843 0.8556 0.866 0.8746 0.8819 0.888 0.8932 0.8975 0.9012 0.9044 0.9071 0.9094 0.9114 0.9131 0.9146 0.9158 0.9169 0.9179 0.9187 0.9194 0.92 0.9206 0.921 0.9214 0.9218 0.9221 0.9223 0.9226 0.9228 0.923
0.9231 0.9232 0.9234 0.9235 0.9235 0.9236 0.9237 0.9237 0.9238 0.9238 0.9239 0.924
# Selectivity males by fishery
0.0463 0.1371 0.2707 0.4181 0.554 0.6658 0.7515 0.8146 0.8599 0.8923 0.9153 0.9319 0.9439 0.9528 0.9594 0.9644 0.9682 0.9711 0.9734 0.9752 0.9767 0.9778 0.9788 0.9795 0.9801 0.9806 0.9811 0.9814 0.9817 0.9819 0.9821 0.9823 0.9824 0.9825 0.9826 0.9827 0.9828 0.9828 0.9829 0.9829 0.9829 0.9829 0.983 0.983 0.983
0.983 0.983 0.983 0.983 0.983 0.9831 0.9831 0.9831 0.9831 0.9831 0.9831 0.9831
# Numbers at age in 2023 females males
6021.64 5054.65 6562.93 6617.23 4366.1 8290.2 2926.3 1489.84 1765.55 2548.45 1905.8 1161.98 970 918.763 792.501 891.191 1671.16 866.501 744.627 487.928 561.353 1301.72 557.938 470.32 383.003 392.499 343.297 252.145 151.62 228.579 149.757 146.393 164.059 194.61 167.088 157.871 192.435 220.926 197.444 169.843 155.46 162.726 220.226 104.735 96.7968
89.565 82.9659 76.9253 71.3879 66.3049 61.6321 57.3296 53.3611 49.6946 46.3017 43.1574 605.998
6042.9 5078.48 6601.22 6662.66 4400.23 8362.4 2954.22 1516.64 1812.2 2637.3 1988.37 1222.27 1028.72 982.318 854.088 967.929 1829 955.68 827.77 546.798 634.118 1481.86 639.951 543.513 445.835 459.932 404.438 298.177 179.832 272.004 178.849 175.276 196.3 231.963 198.308 187.024 228.491 264.089 238.498 207.855 193.027 205.085 281.654 135.844 127.228
119.197 111.712 104.747 98.2846 92.2951 86.7368 81.5658 76.7418 72.2306 68.0035 64.0369 1043.11
# No Recruitments
46
# Recruitment 1978 to 2023 for RecAge=3
5511.2	5510.95	5511	10693.55	7277.75	6388.65	6395.45	6790.85	6917.2	5467.6	4060.1	3883.6	4088.45	3120.5	2526.05	2355.3	3289.8	2004	3067.3	3850.4	4065.7	3672.7	4181.3	4605.2	9982.1	4001.5	3234.15	4591.5	4972.1	8925.5	4431.3	3669.35	3962.65	3898.35	4352.9	6656.65	8301.3	5028.2	3710.55	6375	15860.95	7337.4	9769.7	8513.6	5761.95	6032.25
# SSB 1978-2023
54355 54030.8 53828.7 53638.8 53506.6 53398.8 53366.6 53467.6 53660.3 53922.1 54234.7 54217.6 54085.1 53654.5 50245.4 47465.8 45212.6 44279.8 43694.3 42848.5 41264.5 40165.9 38957.2 38240 37583.1 37028.3 36369.4 35896.8 35635.9 35531.5 35586 35661.8 35889.7 36172.3 36564 37079.7 37646.1 35929.4 34301.2 32721.8 31257 29873.4 28620.1 27487.7 26498.8
25642
